IDADE_MEAN = 39.15432300163132
IDADE_STD = 22.39768282493475
