IDADE_MEAN = 38.70583247121076
IDADE_STD = 22.098300822586168
